0	0	2	12	2	0	1	5	18	16	0	0	11	8	18	0
0	0	3	9	8	1	2	7	17	12	10	4	18	27	30	0
2	3	5	42	34	3	2	7	39	25	2	1	19	50	39	0
12	9	42	37	67	14	12	46	88	84	9	4	17	67	44	2
2	8	34	67	26	11	10	23	76	62	9	3	27	62	39	0
0	1	3	14	11	1	11	10	14	10	22	12	34	42	32	0
1	2	2	12	10	11	17	34	6	25	32	28	45	42	33	0
5	7	7	46	23	10	34	26	85	70	31	2	40	54	46	0
18	17	39	88	76	14	6	85	94	149	0	0	8	59	41	0
16	12	25	84	62	10	25	70	149	54	12	3	20	66	34	0
0	10	2	9	9	22	32	31	0	12	15	30	36	24	30	0
0	4	1	4	3	12	28	2	0	3	30	4	4	12	8	0
11	18	19	17	27	34	45	40	8	20	36	4	5	20	18	0
8	27	50	67	62	42	42	54	59	66	24	12	20	12	27	4
18	30	39	44	39	32	33	46	41	34	30	8	18	27	6	1
0	0	0	2	0	0	0	0	0	0	0	0	0	4	1	0
