8	12	6	10	9	3	18	20	6	25
12	3	7	12	8	6	18	16	8	14
6	7	14	5	10	27	14	11	22	6
10	12	5	8	14	11	21	8	2	12
9	8	10	14	8	21	18	10	16	4
3	6	27	11	21	20	13	10	34	2
18	18	14	21	18	13	7	6	9	4
20	16	11	8	10	10	6	5	10	4
6	8	22	2	16	34	9	10	13	2
25	14	6	12	4	2	4	4	2	6
