4	4	3	12	6	3	4	5	8	4	15	22	11	7	14	22
4	1	7	11	9	7	7	5	9	6	12	22	20	13	17	21
3	7	6	27	22	7	10	18	23	22	13	17	20	30	24	17
12	11	27	14	30	12	12	29	43	38	21	15	26	37	36	5
6	9	22	30	10	10	16	22	32	24	18	18	24	38	30	10
3	7	7	12	10	3	7	7	6	4	17	21	17	11	12	18
4	7	10	12	16	7	12	16	12	19	20	21	15	14	12	13
5	5	18	29	22	7	16	12	29	28	13	12	17	23	22	6
8	9	23	43	32	6	12	29	26	38	12	13	23	50	51	7
4	6	22	38	24	4	19	28	38	19	16	9	21	39	34	5
15	12	13	21	18	17	20	13	12	16	11	12	8	10	7	10
22	22	17	15	18	21	21	12	13	9	12	2	5	4	8	5
11	20	20	26	24	17	15	17	23	21	8	5	6	17	17	3
7	13	30	37	38	11	14	23	50	39	10	4	17	13	21	2
14	17	24	36	30	12	12	22	51	34	7	8	17	21	8	7
22	21	17	5	10	18	13	6	7	5	10	5	3	2	7	5
