1	4	0	4	0	1	21	30	4	25
4	9	5	27	14	4	47	52	7	27
0	5	5	5	2	15	8	13	35	6
4	27	5	21	64	12	63	58	18	30
0	14	2	64	58	38	92	43	14	2
1	4	15	12	38	63	18	8	29	2
21	47	8	63	92	18	34	27	5	8
30	52	13	58	43	8	27	6	2	0
4	7	35	18	14	29	5	2	8	2
25	27	6	30	2	2	8	0	2	1
