6	9	5	0	2	11	16	4	6	8	16	33	20	10	17	38
9	5	7	3	6	10	19	7	10	19	16	29	16	13	16	34
5	7	6	22	22	7	11	12	18	16	14	20	24	28	28	22
0	3	22	16	33	10	9	12	25	23	9	9	19	34	35	2
2	6	22	33	18	10	14	15	24	19	16	17	28	32	31	3
11	10	7	10	10	6	14	16	10	12	16	23	16	16	17	25
16	19	11	9	14	14	6	19	17	13	9	15	16	15	19	16
4	7	12	12	15	16	19	13	32	23	7	10	17	28	22	6
6	10	18	25	24	10	17	32	27	50	11	8	20	43	28	4
8	19	16	23	19	12	13	23	50	20	7	4	15	30	26	6
16	16	14	9	16	16	9	7	11	7	2	15	21	17	10	15
33	29	20	9	17	23	15	10	8	4	15	7	19	10	10	13
20	16	24	19	28	16	16	17	20	15	21	19	8	21	27	10
10	13	28	34	32	16	15	28	43	30	17	10	21	16	29	5
17	16	28	35	31	17	19	22	28	26	10	10	27	29	14	4
38	34	22	2	3	25	16	6	4	6	15	13	10	5	4	10
